ip_logLike_unified = zeros(2048,1);
ip_logLike_unified = [-5.93125
-0.32399
-0.242091
-1.05441
-1.47722
-0.466616
-0.955578
-1.04299
-0.114506
-0.80966
-1.23922
-0.360347
-0.891723
-0.307166
-0.00791477
-0.339837
-0.411762
-0.170491
-0.289732
-0.0844513
-1.20332
-0.0612675
-0.0282026
-0.830679
-0.582746
-1.84535
-0.167421
-1.24579
-1.12741
-0.0321038
-0.00754791
-1.09311
-2.08438
-2.63334
-0.0659727
-0.153223
-1.45014
-0.961622
-0.118995
-0.455872
-2.27291
-0.432884
-0.0431011
-3.4216
-1.32763
-0.771157
-1.00628
-0.644842
-0.415216
-1.78494
-0.452876
-0.659796
-1.67322
-2.42838
-0.0298201
-2.3257
-1.05914
-2.52212
-1.09914
-3.69986
-0.00430493
-0.37171
-1.91748
-0.145678
-2.28598
-1.20719
-0.324688
-0.464314
-0.616652
-0.977568
-2.99386
-0.41745
-0.0990074
-0.911564
-2.37831
-3.87031
-1.02041
-1.71275
-1.366
-2.19882
-0.762289
-0.163203
-0.118066
-0.456337
-0.575192
-0.142766
-0.828068
-1.21599
-2.23382
-0.401295
-0.669954
-0.518942
-0.480439
-0.871052
-0.0722515
-0.0825522
-0.334153
-0.651196
-0.0245616
-0.672392
-1.04023
-1.0553
-2.97775
-0.204359
-0.200295
-0.0754619
-0.0184451
-0.165202
-1.22025
-1.90527
-1.32632
-0.389361
-1.45001
-0.558549
-1.15681
-0.806067
-3.56562
-1.12045
-0.804656
-0.197909
-0.31809
-0.170028
-0.0469631
-2.02599
-1.31579
-1.85343
-1.75914
-0.845539
-0.88611
-0.478587
-0.146973
-2.18302
-0.265486
-0.296074
-0.0482337
-0.333573
-0.224361
-0.815777
-1.55321
-0.0442904
-0.251337
-0.0142056
-0.114859
-0.978067
-0.0226841
-0.0297933
-1.4577
-0.127286
-0.411683
-0.0528975
-0.855329
-1.84305
-2.58981
-0.130517
-0.984008
-0.454187
-0.0300515
-1.54637
-0.727003
-4.82731
-0.142922
-0.327275
-0.816778
-0.289866
-0.208497
-0.563401
-3.86984
-1.06922
-0.6621
-1.51475
-0.208372
-0.18062
-0.682726
-0.669372
-3.06356
-0.422367
-0.142608
-1.25937
-4.83907
-0.272566
-1.99771
-0.930863
-0.0805324
-1.14583
-0.203193
-5.24298
-0.238136
-1.97258
-0.966924
-0.773326
-1.30224
-0.263708
-0.327622
-0.156421
-0.00735507
-0.111139
-0.0680297
-0.987021
-0.196273
-0.714449
-0.523409
-1.39177
-1.45377
-0.45238
-0.0523102
-1.10224
-0.00762721
-0.244813
-0.067419
-1.64829
-1.32028
-1.20486
-0.354162
-1.39074
-0.171231
-0.963977
-5.65144
-0.610152
-1.60908
-1.499
-1.1188
-0.14421
-0.151327
-4.76937
-0.712435
-1.88126
-0.180217
-1.04156
-0.0094047
-3.8792
-2.02163
-2.14786
-2.72376
-0.561076
-0.033307
-2.27457
-0.678486
-0.380948
-3.76693
-0.428167
-0.269473
-0.833002
-0.39732
-2.07017
-1.06462
-5.40885
-0.177103
-0.280938
-0.645296
-0.287246
-0.12298
-1.15997
-1.78196
-1.49611
-0.929525
-0.152994
-0.305552
-0.497411
-0.039216
-2.38306
-0.331561
-0.204429
-3.42126
-0.661753
-1.23842
-0.474758
-0.416071
-1.69465
-1.80864
-3.34254
-2.28262
-0.449508
-0.356517
-0.195304
-1.35457
-0.0220103
-1.46577
-0.165565
-0.192753
-0.989269
-0.992994
-0.360872
-1.28146
-0.829418
-0.284354
-0.375951
-2.01635
-1.65538
-0.224272
-0.818748
-0.302362
-0.863463
-0.202886
-1.24042
-0.102518
-1.743
-0.884945
-0.6193
-1.02645
-1.87481
-3.48254
-2.44098
-0.388664
-0.059182
-0.87499
-1.51182
-1.20383
-1.70044
-0.0197728
-0.0876865
-0.0435309
-0.411663
-2.00319
-1.40511
-0.348656
-1.11252
-0.927874
-0.00945028
-0.0190078
-0.28373
-0.631743
-1.22917
-1.16854
-0.0144424
-1.23725
-0.444545
-0.914685
-0.828308
-0.0746411
-0.336506
-1.01545
-0.441508
-2.83232
-0.311725
-1.56436
-0.62098
-1.13697
-0.0145781
-0.422441
-0.91082
-0.707366
-1.49382
-0.145293
-1.38102
-0.788083
-0.533074
-0.530825
-0.401166
-0.523643
-0.182102
-0.771633
-2.24931
-1.15775
-1.06088
-0.609567
-1.3501
-0.220005
-0.4997
-0.791526
-0.954674
-2.37237
-0.68493
-0.686769
-0.828975
-0.266751
-0.333537
-0.456973
-0.994875
-0.75201
-2.65865
-0.885036
-1.00164
-1.008
-2.89419
-3.82225
-1.40244
-0.595246
-0.4715
-0.507532
-1.60273
-0.343142
-2.53347
-0.322821
-1.70158
-1.05057
-1.55817
-0.476947
-0.189221
-0.718781
-2.58877
-2.25173
-0.052217
-0.942569
-1.11873
-0.125189
-0.364984
-4.01411
-2.72081
-3.16994
-0.405134
-0.23032
-2.89501
-1.42525
-0.796755
-1.28484
-1.1281
-0.414577
-1.0046
-1.95023
-0.747082
-1.22915
-1.97411
-0.564049
-0.745396
-1.51897
-0.274859
-1.70097
-0.40778
-0.0980454
-3.74009
-0.395801
-0.439518
-0.891708
-0.8015
-2.08325
-0.539345
-1.27527
-0.414653
-0.597065
-1.10371
-0.464456
-0.585133
-0.0758954
-0.126603
-0.584142
-0.358862
-0.0932151
-1.46142
-0.855499
-0.343344
-0.53613
-1.17581
-3.59729
-2.09066
-2.39337
-2.10317
-2.25607
-2.83547
-3.83852
-0.97505
-2.6564
-0.59979
-1.09208
-0.206019
-1.12942
-0.855347
-0.276101
-1.61759
-0.390101
-0.336482
-0.488429
-1.37368
-1.01383
-1.31241
-0.0987967
-1.60989
-2.46408
-0.0106436
-0.749352
-1.69222
-1.46796
-0.279595
-1.4779
-1.58047
-0.334396
-0.300433
-0.0211652
-3.84017
-0.928348
-0.507464
-3.10453
-1.9516
-0.985657
-0.939576
-0.817251
-0.584858
-0.879201
-1.01495
-0.533257
-0.0713585
-0.0778747
-2.53659
-2.33158
-1.62992
-1.14561
-0.238601
-0.146115
-0.244213
-2.59014
-0.123846
-0.0111497
-2.63082
-2.13382
-0.0412058
-0.836413
-2.64432
-1.62172
-0.142663
-0.273004
-1.64521
-1.05386
-0.956605
-0.997764
-0.232007
-0.0450577
-2.48403
-0.615934
-1.11826
-0.787443
-0.253378
-0.0322326
-1.82957
-0.978938
-0.033773
-0.0193967
-0.151755
-0.0176701
-0.283362
-0.0602185
-0.348949
-1.97168
-1.06433
-0.489085
-0.0484621
-2.43046
-0.0359716
-0.0611895
-0.218226
-2.55506
-0.925229
-0.197539
-1.34033
-0.122996
-2.34928
-4.90455
-0.0297675
-2.38254
-0.476793
-0.879691
-0.321613
-0.349752
-0.148832
-0.618654
-1.25439
-2.40835
-0.0516249
-0.639842
-0.989366
-0.289018
-0.214432
-0.154011
-0.464344
-2.43423
-0.819658
-2.63011
-0.457124
-0.0260351
-0.0870781
-3.5272
-1.01247
-0.30553
-0.619319
-0.096091
-0.783117
-0.718417
-0.229564
-0.238036
-0.519665
-0.620425
-2.54453
-0.690872
-1.48248
-1.05265
-0.040911
-0.25954
-0.846106
-0.116402
-0.170467
-0.895343
-0.493337
-0.311926
-1.00535
-2.62045
-0.976239
-0.419416
-0.641906
-0.323713
-1.33994
-0.209966
-3.17383
-0.620635
-1.33743
-0.985963
-0.651873
-0.829272
-1.97329
-0.76112
-1.00539
-1.12522
-1.08164
-1.1132
-0.532454
-0.297645
-1.82368
-2.14335
-0.726464
-0.335182
-0.692153
-0.453525
-0.632005
-0.0135001
-0.254029
-1.98557
-0.496569
-2.46467
-0.435939
-0.415914
-0.07301
-0.0552785
-1.34862
-1.42573
-0.46334
-3.13646
-0.987002
-0.0214802
-5.69885
-0.0709822
-0.79275
-0.855209
-0.490357
-0.0126057
-0.820266
-0.174138
-0.164852
-0.523639
-0.296501
-0.396539
-0.816058
-1.3391
-1.21332
-1.89139
-0.325301
-3.50055
-2.17195
-0.81849
-0.791515
-0.573265
-0.097127
-1.28184
-0.521756
-0.907453
-0.0364024
-2.33731
-1.50534
-0.696256
-1.31529
-0.133281
-1.00747
-6.32814
-1.27076
-0.0727884
-2.35978
-1.83192
-1.45252
-1.13545
-0.5262
-1.35395
-0.606707
-0.190775
-1.57476
-0.0537372
-0.197532
-0.0528697
-0.159713
-2.47649
-0.57442
-1.66903
-0.037787
-3.03314
-0.427003
-0.638217
-0.50161
-0.00561928
-0.321696
-0.32806
-0.885203
-0.0133834
-0.159447
-0.0422564
-0.291951
-0.562321
-0.765819
-0.785176
-0.540905
-0.469061
-1.72425
-0.381575
-0.117116
-0.494426
-1.52892
-0.327516
-2.08706
-1.08046
-0.328352
-1.11186
-0.610945
-0.150585
-0.760334
-0.825107
-1.55186
-5.11995
-2.36615
-0.704196
-0.395017
-0.458521
-1.65388
-0.690274
-0.50198
-1.39704
-4.14925
-1.15152
-3.20136
-0.0957002
-0.0289109
-0.538494
-1.5049
-0.102901
-2.64984
-0.0113476
-0.416129
-1.8749
-1.65531
-1.19852
-0.896072
-0.619425
-1.58559
-1.55767
-0.165888
-0.358036
-0.545015
-1.19471
-0.879272
-0.202142
-0.0859387
-0.195632
-0.981165
-0.0479306
-0.511683
-0.497651
-2.42059
-0.516188
-0.748262
-0.00180639
-1.41745
-1.08874
-0.00588914
-0.658076
-0.0778135
-1.30438
-0.595808
-0.315068
-1.07005
-0.602494
-0.606097
-1.41317
-0.644138
-2.20997
-1.66901
-1.87075
-0.192194
-0.83412
-3.68094
-0.060107
-1.12268
-0.566722
-0.0849792
-0.118938
-0.130581
-0.532914
-1.50659
-0.546671
-0.330272
-0.424806
-0.160215
-0.299857
-0.0448717
-0.316591
-2.97285
-0.452081
-0.108646
-1.37331
-0.166882
-1.26439
-1.05735
-2.23112
-0.0796856
-0.00506192
-2.05636
-1.11242
-2.01714
-0.556327
-1.65745
-0.478181
-0.930045
-0.272352
-0.635109
-1.34572
-1.08964
-5.2644
-1.04817
-1.45475
-3.19073
