rejected = 0.198198;

