ip_logLike_sub0 = zeros(1000,1);
ip_logLike_sub0 = [-50.7411
-50.7411
-50.7411
-50.7411
-50.7411
-50.7411
-50.7411
-50.7411
-50.7411
-50.7411
-50.7411
-50.7411
-50.7411
-50.7411
-50.7411
-50.7411
-50.7983
-50.8759
-52.8363
-52.8363
-52.8363
-52.8363
-52.8363
-52.8363
-52.8363
-51.1108
-51.1108
-51.1108
-51.1108
-51.1108
-51.1108
-51.1108
-50.6669
-50.6669
-50.6669
-50.6669
-50.6669
-50.6669
-50.6669
-50.2591
-50.2591
-50.2591
-50.2591
-50.2591
-50.2591
-50.2591
-50.2591
-50.2591
-50.2591
-50.2591
-50.2591
-50.2591
-50.2591
-50.2591
-50.6502
-50.6502
-50.6502
-50.6502
-50.6502
-50.6502
-50.6502
-50.5764
-50.5764
-50.5764
-50.5764
-50.5764
-50.5764
-50.5764
-50.5764
-50.5764
-50.5764
-50.5764
-50.5764
-50.5764
-50.5764
-50.5764
-50.5764
-50.5764
-50.5764
-50.5764
-50.5764
-50.5764
-50.5764
-50.5764
-50.5764
-50.5764
-50.5764
-50.5764
-50.5764
-50.5764
-50.5764
-50.5764
-50.5764
-50.5764
-50.5764
-50.5764
-50.5764
-50.5764
-50.4551
-50.4551
-50.4551
-50.2712
-50.301
-51.3073
-50.7571
-50.4327
-50.2596
-50.2596
-50.352
-50.9344
-50.263
-50.9038
-50.7827
-51.8194
-52.005
-51.0935
-51.2132
-50.9704
-51.0587
-51.7308
-51.1668
-51.2219
-50.2829
-51.4934
-51.4929
-50.2878
-50.5834
-50.4739
-50.6175
-50.3067
-50.3068
-50.2957
-50.3322
-50.5612
-50.3855
-51.2787
-51.2754
-50.6902
-50.5937
-50.3095
-50.34
-50.5252
-50.3101
-50.3112
-50.9722
-51.2865
-50.345
-50.5217
-50.6939
-50.3423
-50.3517
-51.059
-50.3242
-50.3546
-51.1823
-50.7807
-50.7273
-50.637
-50.5572
-50.8022
-50.3624
-50.341
-50.341
-50.3507
-50.4606
-50.4615
-50.5742
-50.5742
-50.7406
-50.5304
-50.5746
-50.4373
-50.4518
-50.3992
-50.4344
-50.5387
-50.774
-51.0569
-50.3744
-51.0498
-51.0802
-50.8595
-50.4752
-50.4734
-50.3687
-50.934
-50.6315
-50.3583
-51.351
-51.5016
-51.696
-50.9102
-50.7682
-50.7683
-50.5003
-50.3368
-50.3368
-50.3368
-50.3423
-51.6315
-53.5335
-52.8398
-52.921
-52.921
-53.7687
-53.5331
-51.868
-52.2176
-52.2125
-53.4207
-53.8897
-54.4099
-50.6136
-50.5041
-51.0913
-51.3224
-51.009
-50.8087
-52.3444
-50.5431
-50.5565
-50.5201
-50.5591
-50.5123
-50.574
-50.5841
-50.9709
-53.1063
-50.7476
-50.7476
-50.4344
-51.0893
-50.6459
-50.5865
-52.7669
-50.2059
-50.2059
-50.5172
-51.0242
-51.1787
-50.9011
-51.2859
-51.0612
-50.55
-50.4371
-50.4255
-50.4339
-50.4684
-51.2204
-50.4012
-50.6148
-50.2665
-50.897
-50.5141
-50.7682
-50.7682
-50.7682
-50.9897
-51.0752
-51.2894
-50.6744
-50.6269
-50.8577
-50.8577
-50.497
-50.7328
-50.7163
-50.3016
-50.4353
-50.3743
-50.4124
-50.4298
-50.4208
-50.5626
-50.5626
-50.5626
-50.5572
-50.5972
-50.9484
-50.8919
-50.7272
-50.6955
-50.4297
-50.5357
-50.4007
-50.6887
-50.4295
-50.3696
-50.551
-50.8894
-50.6535
-50.9187
-50.636
-50.4619
-50.5718
-50.6068
-51.8575
-51.8575
-50.4464
-50.373
-50.3389
-50.361
-50.297
-50.2951
-50.7815
-50.814
-52.4684
-52.1768
-51.4941
-51.4941
-50.9521
-50.5094
-50.6436
-51.3098
-52.4076
-52.1948
-51.6212
-51.2951
-51.3416
-50.9669
-52.1421
-51.7988
-52.2293
-50.7107
-50.6734
-50.9444
-50.889
-50.9004
-51.0107
-51.092
-51.3408
-51.3613
-51.3613
-51.6127
-51.886
-51.8635
-51.9651
-51.3391
-51.4753
-51.4579
-54.6755
-53.6557
-52.6238
-51.6669
-51.4675
-51.8621
-51.3572
-51.3572
-50.9154
-50.6243
-50.3261
-50.4952
-50.4535
-50.3026
-50.307
-50.3622
-50.6854
-50.578
-50.8032
-50.2542
-50.3144
-50.3822
-50.4171
-51.6735
-52.1109
-51.6058
-51.1346
-51.2258
-51.7211
-49.8593
-49.8885
-49.9643
-50.032
-50.0449
-50.0449
-50.3751
-49.9938
-50.174
-50.5054
-50.7663
-50.703
-50.97
-51.5517
-50.1319
-51.6855
-50.3433
-50.6487
-50.1945
-50.007
-50.3376
-50.1971
-50.1971
-50.2233
-50.2233
-50.0882
-50.4465
-50.4612
-49.9681
-49.7502
-49.956
-50.3472
-50.4219
-50.3351
-50.2642
-50.9731
-50.9731
-50.9731
-51.2475
-49.2914
-49.31
-49.7901
-49.5799
-49.2726
-49.2401
-49.4595
-49.2621
-49.5886
-49.1817
-49.2814
-49.2381
-49.3209
-49.4835
-50.168
-50.168
-49.5626
-50.3404
-50.2686
-49.653
-49.4622
-49.5012
-49.6271
-50.2367
-49.6396
-50.6047
-52.0636
-52.0636
-49.6311
-50.0523
-49.5749
-50.4443
-50.9851
-51.6418
-51.3025
-51.2128
-51.7106
-50.4424
-50.5402
-50.6533
-50.6883
-50.9605
-51.4563
-51.6489
-51.6863
-51.4753
-51.51
-52.2254
-52.7334
-53.3934
-53.3721
-53.2177
-53.6962
-53.4045
-53.5002
-55.2435
-54.8128
-55.4356
-54.5647
-53.574
-52.4463
-51.6287
-51.6287
-51.6448
-52.809
-52.2377
-50.988
-50.4529
-50.6462
-49.9876
-49.8691
-49.8145
-50.6361
-50.3529
-50.3789
-49.3539
-49.5422
-49.2624
-49.1811
-49.1811
-49.2599
-49.1886
-49.1916
-50.2678
-49.7817
-49.6358
-49.6358
-49.9025
-49.679
-49.612
-49.612
-49.4943
-49.9374
-49.2716
-49.3003
-50.1516
-50.1385
-50.1357
-49.6924
-49.549
-49.3554
-49.3786
-49.6565
-49.5491
-50.4877
-50.4141
-50.4481
-49.5056
-49.6009
-49.7339
-49.8149
-49.8119
-49.4001
-49.4001
-49.7486
-49.352
-49.4277
-49.4561
-49.2245
-50.2372
-50.3379
-49.8927
-49.9367
-50.892
-50.6296
-50.4759
-50.4759
-49.5133
-49.5133
-50.0693
-50.4696
-50.4696
-49.9312
-49.3662
-49.2821
-49.1888
-51.0208
-51.5782
-52.0938
-52.7628
-52.8206
-52.8438
-52.8438
-49.886
-49.8444
-50.1047
-50.3406
-54.5282
-54.5282
-54.4981
-54.2678
-54.0811
-56.0879
-57.8784
-52.3099
-51.8892
-52.2289
-52.3136
-51.8659
-51.817
-49.7279
-49.5176
-50.2394
-50.2514
-50.8969
-49.9593
-50.1658
-50.5239
-50.0729
-50.1766
-50.1766
-50.1766
-52.0536
-52.8751
-51.9748
-51.2294
-50.6128
-50.6128
-50.6487
-50.2339
-51.0049
-50.6398
-50.6398
-53.4368
-52.5159
-53.6022
-53.2398
-52.322
-52.5894
-53.8387
-54.8095
-50.1184
-49.7958
-50.2119
-50.4524
-50.3432
-50.9299
-50.572
-51.4761
-51.1108
-50.9574
-50.8336
-51.4684
-50.6078
-50.043
-50.043
-50.0724
-50.6387
-50.5492
-49.6371
-49.5952
-49.8686
-50.3848
-50.0712
-49.7264
-50.6871
-50.6125
-49.3659
-49.4516
-49.4498
-49.4498
-49.4498
-49.6104
-49.512
-51.5313
-49.347
-49.3886
-49.4369
-49.3027
-49.3027
-49.2121
-49.2121
-49.4669
-49.315
-49.2995
-49.4093
-49.5069
-49.6939
-49.6939
-50.0528
-50.0528
-50.0413
-50.0413
-49.2738
-49.2738
-49.5366
-50.6917
-51.3035
-51.3604
-50.8161
-50.5138
-51.0151
-49.7316
-49.66
-49.66
-49.3781
-49.1772
-49.1954
-49.2542
-49.4138
-49.2999
-49.2999
-49.3094
-49.345
-49.6991
-49.3348
-50.3216
-50.1239
-50.0266
-50.46
-49.6616
-49.5346
-49.2958
-49.2307
-51.4786
-50.9961
-51.6785
-49.9864
-50.4533
-49.9622
-50.1449
-50.1805
-50.2156
-49.842
-49.2831
-49.3087
-49.8693
-49.8693
-50.0339
-49.5785
-49.5785
-49.6739
-49.6739
-49.6739
-49.3919
-49.2464
-49.1831
-49.1831
-49.6321
-52.052
-52.4574
-51.1066
-51.1066
-51.1066
-50.6753
-50.8752
-49.7035
-49.54
-49.18
-49.2414
-50.2779
-49.9072
-50.5299
-50.5299
-50.5299
-50.5299
-50.4747
-50.4747
-50.4747
-50.5789
-49.528
-49.328
-50.1643
-49.2401
-50.3919
-49.7692
-50.8049
-50.8049
-50.0137
-49.724
-49.6687
-50.2026
-49.4011
-49.3545
-49.3523
-49.2999
-49.4886
-49.6072
-49.9997
-49.5962
-49.5061
-49.2375
-49.1738
-49.3274
-49.3274
-51.1074
-51.1074
-51.0061
-51.3919
-50.8164
-51.6397
-51.6397
-50.6002
-50.9526
-49.5968
-49.9623
-49.6874
-49.3614
-49.3614
-49.2079
-49.2139
-49.2139
-49.2945
-49.2558
-49.404
-49.3121
-51.6953
-49.5958
-49.5572
-49.5114
-51.0492
-49.558
-49.558
-49.6057
-50.1084
-49.6724
-49.6653
-50.1099
-50.1099
-50.1099
-50.9039
-50.0392
-50.3393
-50.2057
-50.4906
-49.1936
-49.1936
-49.2992
-50.3224
-50.2886
-50.3023
-50.3023
-51.0669
-51.1659
-49.8297
-49.8297
-49.9201
-49.6992
-49.4071
-49.5637
-49.5642
-49.8126
-49.2438
-49.2259
-49.2259
-49.2644
-49.2367
-49.2367
-49.2367
-49.5457
-49.5527
-49.2282
-49.2282
-49.4943
-49.6069
-50.2391
-49.809
-49.809
-51.0417
-52.121
-51.814
-52.0412
-53.0474
-50.1725
-50.0792
-49.7458
-49.9296
-50.1173
-50.1173
-50.1173
-50.067
-49.5296
-49.4656
-52.3562
-52.8248
-53.2887
-53.1114
-53.1114
-52.6846
-51.6576
-51.6631
-49.7378
-49.4319
-49.2308
-49.2308
-49.2037
-49.2452
-49.2452
-49.1802
-49.2539
-50.0742
-50.4363
-50.08
-49.9013
-49.9013
-49.9245
-50.3108
-50.3108
-50.1723
-49.5462
-50.2183
-49.9614
-50.1992
-49.8189
-49.8189
-49.7612
-49.7509
-50.4841
-50.5608
-50.4572
-51.8251
-51.4179
-49.5416
-49.2263
-49.2241
-49.4986
-49.4986
-49.37
-49.269
-49.269
-49.4763
-49.7426
-50.4407
-50.0581
-50.0581
