rawChain_sub0 = zeros(1000,2);
rawChain_sub0 = [2.8500000000000000e+07 2.5000000000000000e+00 
2.8500000000000000e+07 2.5000000000000000e+00 
2.8500000000000000e+07 2.5000000000000000e+00 
2.8500000000000000e+07 2.5000000000000000e+00 
2.8500000000000000e+07 2.5000000000000000e+00 
2.8500000000000000e+07 2.5000000000000000e+00 
2.8500000000000000e+07 2.5000000000000000e+00 
2.8500000000000000e+07 2.5000000000000000e+00 
2.8500000000000000e+07 2.5000000000000000e+00 
2.8500000000000000e+07 2.5000000000000000e+00 
2.8500000000000000e+07 2.5000000000000000e+00 
2.8500000000000000e+07 2.5000000000000000e+00 
2.8500000000000000e+07 2.5000000000000000e+00 
2.8500000000000000e+07 2.5000000000000000e+00 
2.8500000000000000e+07 2.5000000000000000e+00 
2.8500000000000000e+07 2.5000000000000000e+00 
2.8500304854370721e+07 2.4998126074300826e+00 
2.8500351050802864e+07 2.5063512291544741e+00 
2.8500396881154984e+07 2.5099003046153086e+00 
2.8500396881154984e+07 2.5099003046153086e+00 
2.8500396881154984e+07 2.5099003046153086e+00 
2.8500396881154984e+07 2.5099003046153086e+00 
2.8500396881154984e+07 2.5099003046153086e+00 
2.8500396881154984e+07 2.5099003046153086e+00 
2.8500396881154984e+07 2.5099003046153086e+00 
2.8499264128380943e+07 2.4990479060513189e+00 
2.8499264128380943e+07 2.4990479060513189e+00 
2.8499264128380943e+07 2.4990479060513189e+00 
2.8499264128380943e+07 2.4990479060513189e+00 
2.8499264128380943e+07 2.4990479060513189e+00 
2.8499264128380943e+07 2.4990479060513189e+00 
2.8499264128380943e+07 2.4990479060513189e+00 
2.8499466529616494e+07 2.5002685748364826e+00 
2.8499466529616494e+07 2.5002685748364826e+00 
2.8499466529616494e+07 2.5002685748364826e+00 
2.8499466529616494e+07 2.5002685748364826e+00 
2.8499466529616494e+07 2.5002685748364826e+00 
2.8499466529616494e+07 2.5002685748364826e+00 
2.8499466529616494e+07 2.5002685748364826e+00 
2.8500735454874866e+07 2.5032487937412746e+00 
2.8500735454874866e+07 2.5032487937412746e+00 
2.8500735454874866e+07 2.5032487937412746e+00 
2.8500735454874866e+07 2.5032487937412746e+00 
2.8500735454874866e+07 2.5032487937412746e+00 
2.8500735454874866e+07 2.5032487937412746e+00 
2.8500735454874866e+07 2.5032487937412746e+00 
2.8500735454874866e+07 2.5032487937412746e+00 
2.8500735454874866e+07 2.5032487937412746e+00 
2.8500735454874866e+07 2.5032487937412746e+00 
2.8500735454874866e+07 2.5032487937412746e+00 
2.8500735454874866e+07 2.5032487937412746e+00 
2.8500735454874866e+07 2.5032487937412746e+00 
2.8500735454874866e+07 2.5032487937412746e+00 
2.8500735454874866e+07 2.5032487937412746e+00 
2.8500884124668576e+07 2.5002484889793082e+00 
2.8500884124668576e+07 2.5002484889793082e+00 
2.8500884124668576e+07 2.5002484889793082e+00 
2.8500884124668576e+07 2.5002484889793082e+00 
2.8500884124668576e+07 2.5002484889793082e+00 
2.8500884124668576e+07 2.5002484889793082e+00 
2.8500884124668576e+07 2.5002484889793082e+00 
2.8501015716081705e+07 2.5054116638998440e+00 
2.8501015716081705e+07 2.5054116638998440e+00 
2.8501015716081705e+07 2.5054116638998440e+00 
2.8501015716081705e+07 2.5054116638998440e+00 
2.8501015716081705e+07 2.5054116638998440e+00 
2.8501015716081705e+07 2.5054116638998440e+00 
2.8501015716081705e+07 2.5054116638998440e+00 
2.8501015716081705e+07 2.5054116638998440e+00 
2.8501015716081705e+07 2.5054116638998440e+00 
2.8501015716081705e+07 2.5054116638998440e+00 
2.8501015716081705e+07 2.5054116638998440e+00 
2.8501015716081705e+07 2.5054116638998440e+00 
2.8501015716081705e+07 2.5054116638998440e+00 
2.8501015716081705e+07 2.5054116638998440e+00 
2.8501015716081705e+07 2.5054116638998440e+00 
2.8501015716081705e+07 2.5054116638998440e+00 
2.8501015716081705e+07 2.5054116638998440e+00 
2.8501015716081705e+07 2.5054116638998440e+00 
2.8501015716081705e+07 2.5054116638998440e+00 
2.8501015716081705e+07 2.5054116638998440e+00 
2.8501015716081705e+07 2.5054116638998440e+00 
2.8501015716081705e+07 2.5054116638998440e+00 
2.8501015716081705e+07 2.5054116638998440e+00 
2.8501015716081705e+07 2.5054116638998440e+00 
2.8501015716081705e+07 2.5054116638998440e+00 
2.8501015716081705e+07 2.5054116638998440e+00 
2.8501015716081705e+07 2.5054116638998440e+00 
2.8501015716081705e+07 2.5054116638998440e+00 
2.8501015716081705e+07 2.5054116638998440e+00 
2.8501015716081705e+07 2.5054116638998440e+00 
2.8501015716081705e+07 2.5054116638998440e+00 
2.8501015716081705e+07 2.5054116638998440e+00 
2.8501015716081705e+07 2.5054116638998440e+00 
2.8501015716081705e+07 2.5054116638998440e+00 
2.8501015716081705e+07 2.5054116638998440e+00 
2.8501015716081705e+07 2.5054116638998440e+00 
2.8501015716081705e+07 2.5054116638998440e+00 
2.8501114905073259e+07 2.5010079003893639e+00 
2.8501114905073259e+07 2.5010079003893639e+00 
2.8501114905073259e+07 2.5010079003893639e+00 
2.8499984379349496e+07 2.5025843019039424e+00 
2.8499916238385595e+07 2.5021433161726470e+00 
2.8499663228185147e+07 2.4985972714023750e+00 
2.8499772724448133e+07 2.4999621730406316e+00 
2.8500713003718145e+07 2.5047761553604282e+00 
2.8500453786647107e+07 2.5027781613480462e+00 
2.8500453786647107e+07 2.5027781613480462e+00 
2.8500654765676700e+07 2.5042982423387010e+00 
2.8499828684022769e+07 2.5065003139851965e+00 
2.8500015174771290e+07 2.5030287208691746e+00 
2.8499594838257357e+07 2.5064149255083672e+00 
2.8499418225693733e+07 2.5060662584225599e+00 
2.8499767551755730e+07 2.5083535897138591e+00 
2.8499774373397220e+07 2.5086670478916009e+00 
2.8499250014245551e+07 2.5068911413715371e+00 
2.8498912116879992e+07 2.5071630090634645e+00 
2.8498638943750877e+07 2.5065767016731724e+00 
2.8498518597466566e+07 2.5067975859823020e+00 
2.8499612880042035e+07 2.5081967593566290e+00 
2.8499307619666845e+07 2.5070626003840033e+00 
2.8499273109597791e+07 2.5071862591542309e+00 
2.8498294444235824e+07 2.5029210210182673e+00 
2.8500658164569680e+07 2.5077609883618752e+00 
2.8499879719663929e+07 2.5077543284450967e+00 
2.8499172988986753e+07 2.5035148631693311e+00 
2.8499006411764402e+07 2.5005964173448230e+00 
2.8499106238415916e+07 2.5010584442752246e+00 
2.8499184045401897e+07 2.5004579624906818e+00 
2.8498014173703205e+07 2.5023790551613110e+00 
2.8498255096651092e+07 2.5036586680762989e+00 
2.8498274231806807e+07 2.5034833850882277e+00 
2.8498330571769875e+07 2.5039577943698683e+00 
2.8498842497746762e+07 2.5052873236082842e+00 
2.8498703774900567e+07 2.5044022712013754e+00 
2.8498057476878885e+07 2.5072983142347818e+00 
2.8497958787163533e+07 2.5072900774346132e+00 
2.8497681130599689e+07 2.5057319631756685e+00 
2.8497561871007461e+07 2.5053767592783887e+00 
2.8496899347820375e+07 2.5025742153697492e+00 
2.8497056337963413e+07 2.5039063278768503e+00 
2.8496704001446843e+07 2.5050589450861698e+00 
2.8496575637811776e+07 2.5033940577626912e+00 
2.8496684568228096e+07 2.5034454384003189e+00 
2.8496693634420380e+07 2.5065515232203657e+00 
2.8496959267949007e+07 2.5073041114973189e+00 
2.8497118277910639e+07 2.5039635504060600e+00 
2.8497469728989292e+07 2.5050718727893400e+00 
2.8497162081469383e+07 2.5057317596778939e+00 
2.8496664283780199e+07 2.5038883066214610e+00 
2.8496597410748962e+07 2.5039773300266250e+00 
2.8495301556630217e+07 2.4993437141883548e+00 
2.8494748827401716e+07 2.5030800126560444e+00 
2.8494053735259738e+07 2.5037021861419375e+00 
2.8494164791547205e+07 2.5070370176478809e+00 
2.8494148980730291e+07 2.5059478613939712e+00 
2.8493997392009471e+07 2.5057663509017836e+00 
2.8494954348706752e+07 2.5054655668324566e+00 
2.8494979416699614e+07 2.5051376475761260e+00 
2.8493718572562017e+07 2.5060065941847807e+00 
2.8492526644843359e+07 2.5035518943474853e+00 
2.8493412803026922e+07 2.5029317754305440e+00 
2.8493412803026922e+07 2.5029317754305440e+00 
2.8493461969774406e+07 2.5026108433949474e+00 
2.8493320677921057e+07 2.5045593342536501e+00 
2.8491916023068227e+07 2.5017072396194542e+00 
2.8490744005235948e+07 2.5050470193015784e+00 
2.8490744005235948e+07 2.5050470193015784e+00 
2.8490083711688697e+07 2.5005386686913105e+00 
