ip_logTarget_sub0 = zeros(1000,1);
ip_logTarget_sub0 = [-71.4442
-71.4442
-71.4442
-71.4442
-71.4442
-71.4442
-71.4442
-71.4442
-71.4442
-71.4442
-71.4442
-71.4442
-71.4442
-71.4442
-71.4442
-71.4442
-71.5015
-71.5791
-73.5395
-73.5395
-73.5395
-73.5395
-73.5395
-73.5395
-73.5395
-71.814
-71.814
-71.814
-71.814
-71.814
-71.814
-71.814
-71.37
-71.37
-71.37
-71.37
-71.37
-71.37
-71.37
-70.9622
-70.9622
-70.9622
-70.9622
-70.9622
-70.9622
-70.9622
-70.9622
-70.9622
-70.9622
-70.9622
-70.9622
-70.9622
-70.9622
-70.9622
-71.3534
-71.3534
-71.3534
-71.3534
-71.3534
-71.3534
-71.3534
-71.2796
-71.2796
-71.2796
-71.2796
-71.2796
-71.2796
-71.2796
-71.2796
-71.2796
-71.2796
-71.2796
-71.2796
-71.2796
-71.2796
-71.2796
-71.2796
-71.2796
-71.2796
-71.2796
-71.2796
-71.2796
-71.2796
-71.2796
-71.2796
-71.2796
-71.2796
-71.2796
-71.2796
-71.2796
-71.2796
-71.2796
-71.2796
-71.2796
-71.2796
-71.2796
-71.2796
-71.2796
-71.1582
-71.1582
-71.1582
-70.9744
-71.0042
-72.0104
-71.4602
-71.1359
-70.9628
-70.9628
-71.0552
-71.6375
-70.9661
-71.607
-71.4859
-72.5225
-72.7082
-71.7967
-71.9163
-71.6736
-71.7619
-72.434
-71.8699
-71.925
-70.9861
-72.1966
-72.1961
-70.9909
-71.2866
-71.177
-71.3207
-71.0099
-71.0099
-70.9989
-71.0354
-71.2644
-71.0887
-71.9819
-71.9785
-71.3933
-71.2969
-71.0126
-71.0431
-71.2284
-71.0133
-71.0143
-71.6754
-71.9897
-71.0482
-71.2249
-71.397
-71.0454
-71.0549
-71.7621
-71.0273
-71.0578
-71.8855
-71.4839
-71.4304
-71.3402
-71.2604
-71.5054
-71.0656
-71.0441
-71.0441
-71.0538
-71.1637
-71.1647
-71.2774
-71.2774
-71.4438
-71.2336
-71.2778
-71.1405
-71.155
-71.1024
-71.1376
-71.2419
-71.4771
-71.7601
-71.0776
-71.753
-71.7834
-71.5627
-71.1784
-71.1766
-71.0719
-71.6372
-71.3346
-71.0615
-72.0542
-72.2048
-72.3992
-71.6133
-71.4714
-71.4715
-71.2034
-71.0399
-71.0399
-71.0399
-71.0454
-72.3346
-74.2366
-73.543
-73.6242
-73.6242
-74.4718
-74.2363
-72.5711
-72.9207
-72.9157
-74.1238
-74.5928
-75.1131
-71.3168
-71.2073
-71.7945
-72.0256
-71.7121
-71.5119
-73.0475
-71.2462
-71.2596
-71.2232
-71.2623
-71.2155
-71.2772
-71.2873
-71.6741
-73.8094
-71.4507
-71.4507
-71.1376
-71.7924
-71.3491
-71.2896
-73.4701
-70.9091
-70.9091
-71.2204
-71.7274
-71.8818
-71.6043
-71.9891
-71.7644
-71.2531
-71.1403
-71.1287
-71.1371
-71.1716
-71.9236
-71.1043
-71.3179
-70.9697
-71.6001
-71.2173
-71.4714
-71.4714
-71.4714
-71.6928
-71.7784
-71.9926
-71.3776
-71.33
-71.5608
-71.5608
-71.2001
-71.436
-71.4194
-71.0047
-71.1384
-71.0775
-71.1155
-71.1329
-71.124
-71.2657
-71.2657
-71.2657
-71.2603
-71.3003
-71.6516
-71.5951
-71.4303
-71.3986
-71.1328
-71.2389
-71.1038
-71.3919
-71.1327
-71.0728
-71.2542
-71.5926
-71.3566
-71.6218
-71.3392
-71.165
-71.275
-71.31
-72.5606
-72.5606
-71.1495
-71.0761
-71.0421
-71.0642
-71.0002
-70.9982
-71.4847
-71.5171
-73.1716
-72.88
-72.1973
-72.1973
-71.6553
-71.2125
-71.3467
-72.013
-73.1108
-72.898
-72.3244
-71.9983
-72.0447
-71.67
-72.8453
-72.502
-72.9325
-71.4139
-71.3766
-71.6476
-71.5922
-71.6035
-71.7139
-71.7951
-72.044
-72.0645
-72.0645
-72.3159
-72.5891
-72.5666
-72.6683
-72.0423
-72.1784
-72.1611
-75.3787
-74.3589
-73.327
-72.37
-72.1706
-72.5653
-72.0603
-72.0603
-71.6185
-71.3274
-71.0293
-71.1983
-71.1566
-71.0058
-71.0102
-71.0654
-71.3885
-71.2812
-71.5064
-70.9574
-71.0176
-71.0853
-71.1203
-72.3767
-72.8141
-72.3089
-71.8377
-71.929
-72.4243
-70.5625
-70.5916
-70.6675
-70.7352
-70.7481
-70.7481
-71.0783
-70.697
-70.8772
-71.2086
-71.4695
-71.4062
-71.6731
-72.2548
-70.835
-72.3887
-71.0465
-71.3518
-70.8977
-70.7102
-71.0408
-70.9003
-70.9003
-70.9265
-70.9265
-70.7914
-71.1496
-71.1643
-70.6712
-70.4534
-70.6591
-71.0503
-71.125
-71.0382
-70.9673
-71.6762
-71.6762
-71.6762
-71.9507
-69.9945
-70.0132
-70.4932
-70.2831
-69.9758
-69.9432
-70.1627
-69.9653
-70.2918
-69.8849
-69.9846
-69.9413
-70.0241
-70.1867
-70.8711
-70.8711
-70.2658
-71.0435
-70.9718
-70.3562
-70.1653
-70.2043
-70.3303
-70.9398
-70.3427
-71.3079
-72.7668
-72.7668
-70.3343
-70.7554
-70.2781
-71.1475
-71.6882
-72.345
-72.0057
-71.916
-72.4138
-71.1455
-71.2434
-71.3564
-71.3915
-71.6637
-72.1595
-72.3521
-72.3895
-72.1785
-72.2131
-72.9286
-73.4366
-74.0966
-74.0753
-73.9209
-74.3994
-74.1076
-74.2034
-75.9467
-75.516
-76.1387
-75.2678
-74.2772
-73.1494
-72.3319
-72.3319
-72.348
-73.5122
-72.9408
-71.6912
-71.156
-71.3493
-70.6908
-70.5722
-70.5176
-71.3393
-71.0561
-71.0821
-70.0571
-70.2454
-69.9656
-69.8843
-69.8843
-69.9631
-69.8918
-69.8948
-70.9709
-70.4848
-70.339
-70.339
-70.6057
-70.3822
-70.3152
-70.3152
-70.1975
-70.6406
-69.9748
-70.0035
-70.8547
-70.8417
-70.8389
-70.3956
-70.2522
-70.0586
-70.0818
-70.3596
-70.2522
-71.1908
-71.1173
-71.1512
-70.2088
-70.3041
-70.4371
-70.5181
-70.515
-70.1033
-70.1033
-70.4517
-70.0552
-70.1309
-70.1593
-69.9277
-70.9403
-71.0411
-70.5958
-70.6398
-71.5952
-71.3327
-71.1791
-71.1791
-70.2165
-70.2165
-70.7725
-71.1728
-71.1728
-70.6344
-70.0693
-69.9853
-69.892
-71.724
-72.2814
-72.797
-73.4659
-73.5238
-73.547
-73.547
-70.5891
-70.5476
-70.8079
-71.0438
-75.2314
-75.2314
-75.2012
-74.971
-74.7842
-76.791
-78.5815
-73.0131
-72.5924
-72.9321
-73.0168
-72.5691
-72.5202
-70.4311
-70.2208
-70.9426
-70.9545
-71.6001
-70.6624
-70.869
-71.2271
-70.7761
-70.8797
-70.8797
-70.8797
-72.7567
-73.5782
-72.678
-71.9326
-71.3159
-71.3159
-71.3519
-70.937
-71.708
-71.3429
-71.3429
-74.1399
-73.2191
-74.3054
-73.9429
-73.0251
-73.2925
-74.5419
-75.5127
-70.8215
-70.499
-70.9151
-71.1555
-71.0464
-71.6331
-71.2751
-72.1793
-71.8139
-71.6605
-71.5368
-72.1716
-71.311
-70.7461
-70.7461
-70.7756
-71.3418
-71.2523
-70.3403
-70.2984
-70.5717
-71.0879
-70.7744
-70.4295
-71.3903
-71.3157
-70.0691
-70.1547
-70.153
-70.153
-70.153
-70.3136
-70.2152
-72.2344
-70.0502
-70.0918
-70.14
-70.0059
-70.0059
-69.9153
-69.9153
-70.17
-70.0182
-70.0026
-70.1124
-70.21
-70.397
-70.397
-70.7559
-70.7559
-70.7444
-70.7444
-69.977
-69.977
-70.2398
-71.3949
-72.0066
-72.0635
-71.5193
-71.2169
-71.7182
-70.4348
-70.3632
-70.3632
-70.0813
-69.8804
-69.8986
-69.9574
-70.1169
-70.003
-70.003
-70.0126
-70.0481
-70.4023
-70.038
-71.0248
-70.827
-70.7298
-71.1632
-70.3648
-70.2377
-69.9989
-69.9339
-72.1817
-71.6993
-72.3817
-70.6896
-71.1565
-70.6654
-70.8481
-70.8836
-70.9188
-70.5452
-69.9862
-70.0118
-70.5724
-70.5724
-70.737
-70.2817
-70.2817
-70.377
-70.377
-70.377
-70.095
-69.9495
-69.8863
-69.8863
-70.3353
-72.7551
-73.1606
-71.8097
-71.8097
-71.8097
-71.3785
-71.5784
-70.4067
-70.2432
-69.8832
-69.9446
-70.9811
-70.6103
-71.233
-71.233
-71.233
-71.233
-71.1779
-71.1779
-71.1779
-71.282
-70.2312
-70.0312
-70.8675
-69.9433
-71.0951
-70.4724
-71.5081
-71.5081
-70.7169
-70.4272
-70.3719
-70.9058
-70.1042
-70.0576
-70.0555
-70.0031
-70.1917
-70.3104
-70.7029
-70.2993
-70.2092
-69.9407
-69.8769
-70.0306
-70.0306
-71.8105
-71.8105
-71.7093
-72.0951
-71.5195
-72.3429
-72.3429
-71.3033
-71.6558
-70.2999
-70.6655
-70.3906
-70.0645
-70.0645
-69.911
-69.9171
-69.9171
-69.9976
-69.959
-70.1072
-70.0153
-72.3985
-70.2989
-70.2604
-70.2146
-71.7523
-70.2612
-70.2612
-70.3088
-70.8116
-70.3755
-70.3685
-70.8131
-70.8131
-70.8131
-71.607
-70.7424
-71.0424
-70.9089
-71.1938
-69.8967
-69.8967
-70.0024
-71.0256
-70.9918
-71.0055
-71.0055
-71.7701
-71.8691
-70.5328
-70.5328
-70.6233
-70.4023
-70.1103
-70.2669
-70.2674
-70.5158
-69.947
-69.929
-69.929
-69.9675
-69.9399
-69.9399
-69.9399
-70.2488
-70.2558
-69.9313
-69.9313
-70.1975
-70.3101
-70.9423
-70.5122
-70.5122
-71.7449
-72.8241
-72.5172
-72.7444
-73.7506
-70.8756
-70.7824
-70.449
-70.6328
-70.8205
-70.8205
-70.8205
-70.7701
-70.2328
-70.1688
-73.0594
-73.528
-73.9919
-73.8145
-73.8145
-73.3878
-72.3608
-72.3663
-70.441
-70.1351
-69.934
-69.934
-69.9068
-69.9483
-69.9483
-69.8834
-69.9571
-70.7773
-71.1394
-70.7832
-70.6045
-70.6045
-70.6277
-71.014
-71.014
-70.8755
-70.2493
-70.9215
-70.6646
-70.9024
-70.522
-70.522
-70.4644
-70.4541
-71.1872
-71.264
-71.1604
-72.5282
-72.1211
-70.2448
-69.9294
-69.9272
-70.2018
-70.2018
-70.0732
-69.9722
-69.9722
-70.1795
-70.4458
-71.1439
-70.7612
-70.7612
-70.6959
-70.6959
