ip_logLike_unified = zeros(1000,1);
ip_logLike_unified = [-3208.98
-8.13262
-6.07508
-5.97016
-5.58813
-5.55121
-7.52737
-6.68513
-5.49189
-5.63022
-5.46061
-5.43538
-5.58917
-5.42838
-5.48714
-5.85952
-6.14812
-5.64389
-5.71528
-5.45461
-6.92561
-5.54989
-5.557
-5.56807
-5.47897
-6.4894
-5.42704
-5.58124
-5.42789
-7.37725
-5.61818
-5.47253
-5.44438
-6.23236
-5.59686
-6.12115
-5.43718
-6.58192
-5.43852
-6.3496
-5.45982
-5.77415
-6.01763
-5.48848
-5.60051
-5.52861
-5.8365
-5.64839
-6.63453
-5.44676
-5.86516
-5.53698
-6.02267
-6.20149
-5.43308
-5.71334
-6.04641
-5.82778
-5.52627
-5.48814
-5.43535
-5.44944
-5.50613
-5.78561
-5.58505
-5.59385
-5.45827
-5.84291
-5.4852
-6.07313
-5.46405
-5.50393
-6.13322
-5.43767
-5.43135
-5.42663
-5.49931
-6.91572
-5.84027
-6.0964
-5.53873
-5.43312
-5.58493
-5.4305
-5.96301
-6.04619
-5.56754
-7.33962
-5.70262
-6.10697
-5.444
-5.54281
-5.52881
-5.44688
-6.14971
-5.56777
-8.24653
-8.41674
-5.4966
-5.4286
-5.68167
-5.43033
-5.4565
-5.89196
-5.64134
-6.7028
-5.45736
-6.06685
-6.0656
-5.42751
-5.42876
-5.80274
-5.43978
-5.42674
-5.91302
-5.91269
-5.60987
-5.80748
-5.49451
-7.4196
-5.54377
-7.47846
-5.43189
-6.57357
-5.97274
-5.61286
-5.61884
-8.25214
-5.45356
-5.6753
-5.4958
-5.42831
-5.71778
-6.17264
-6.46039
-5.48126
-5.88442
-7.80051
-6.3734
-5.46938
-5.60636
-5.42658
-5.45422
-5.6179
-5.46241
-5.46259
-7.4323
-5.81836
-5.87102
-5.45577
-5.50259
-5.43016
-5.45687
-5.4263
-8.10578
-5.42762
-5.60228
-5.42627
-5.58174
-5.79021
-5.88734
-6.06972
-5.43301
-7.13212
-5.53148
-5.73085
-5.45584
-5.48084
-5.60706
-5.66737
-6.27932
-5.51806
-7.79925
-5.79904
-6.20621
-5.59964
-5.5006
-6.10377
-6.00229
-5.52526
-5.4392
-5.72926
-5.62361
-5.44643
-5.47202
-5.45295
-5.74467
-5.53205
-5.52597
-5.44368
-5.42659
-5.60493
-6.91978
-6.29511
-6.10891
-5.45989
-5.78741
-5.89688
-5.52737
-7.31842
-5.42717
-5.61864
-5.98693
-5.78002
-7.80426
-6.16254
-5.49855
-5.71215
-7.37391
-5.77653
-5.51797
-5.5425
-5.63925
-5.69179
-6.54378
-5.44072
-6.0623
-5.58849
-5.88277
-5.44311
-5.63826
-6.87947
-5.42701
-5.71893
-5.5992
-5.50958
-6.49189
-5.47378
-5.6589
-5.49523
-5.52462
-5.80611
-5.55306
-5.44341
-5.77968
-6.78455
-5.98274
-5.43116
-5.52208
-5.85028
-6.24654
-7.5266
-5.57586
-5.55564
-5.42682
-5.90376
-5.54651
-5.50435
-5.44346
-6.24304
-8.97894
-5.67287
-6.0073
-6.46255
-5.49517
-5.79993
-7.61989
-5.43451
-5.52053
-5.42625
-5.52124
-5.61871
-6.34122
-5.44051
-6.01024
-5.49454
-7.46967
-5.45545
-5.50165
-5.90426
-6.80033
-5.4961
-5.4328
-6.01341
-6.76005
-5.93186
-5.71032
-5.48233
-5.99693
-5.73022
-7.79417
-5.44175
-5.44701
-6.55735
-5.51819
-5.45079
-5.43564
-5.52146
-7.04968
-5.59929
-5.45485
-5.46781
-5.54693
-5.77433
-5.71671
-5.44551
-5.51756
-5.56994
-5.79045
-5.516
-6.60433
-7.72731
-5.70863
-5.59635
-6.14032
-5.72008
-5.65466
-5.48972
-5.47218
-8.30318
-5.43464
-5.75386
-5.73885
-5.67174
-5.62495
-5.63547
-5.42753
-5.5107
-5.68329
-5.53885
-6.44504
-6.03581
-5.50529
-5.81701
-5.44116
-5.55402
-5.9496
-8.66059
-6.30075
-5.95654
-5.4713
-5.80417
-5.43491
-5.81545
-5.50872
-7.00812
-5.9704
-5.51677
-5.9423
-7.47225
-6.52571
-6.11519
-5.45932
-5.94927
-5.43803
-5.42647
-5.43967
-5.54376
-5.51674
-5.66625
-5.43314
-6.13145
-6.09716
-6.07501
-5.42718
-5.56495
-6.87622
-5.61608
-6.15844
-6.33907
-5.82837
-5.60783
-6.07609
-6.25891
-5.7631
-5.78823
-6.08504
-5.98251
-5.4353
-6.00952
-6.92164
-5.71613
-6.35339
-7.38496
-5.42625
-5.63844
-6.37668
-5.42907
-5.55472
-5.42866
-5.42895
-5.51981
-6.4433
-5.49468
-5.68511
-5.9287
-5.59067
-5.7526
-5.58792
-5.99779
-5.70797
-6.01413
-6.79291
-6.82702
-5.52338
-7.0653
-6.67263
-6.23173
-5.62446
-5.60807
-5.76032
-5.47285
-6.044
-5.44875
-6.29494
-6.40443
-7.14876
-5.49361
-5.43667
-6.00447
-5.4272
-6.75249
-5.42889
-5.42835
-5.7774
-5.63835
-5.62002
-5.96794
-5.551
-5.82751
-5.73981
-5.43965
-5.75924
-5.56767
-5.48182
-6.02502
-5.4307
-5.45193
-5.91898
-5.63248
-5.72416
-5.82939
-5.93677
-5.5762
-5.43781
-7.45
-5.54426
-5.50105
-5.46391
-5.55769
-5.90372
-6.84909
-5.50156
-5.52123
-5.79548
-5.92194
-5.55241
-7.33003
-7.69879
-5.44942
-7.34842
-6.99599
-5.70534
-5.4919
-5.44434
-6.44437
-6.07267
-5.46426
-5.43123
-5.43381
-5.72264
-5.54252
-5.50914
-5.43593
-6.84992
-5.44462
-7.43289
-6.63481
-5.70711
-6.10428
-6.0907
-5.54251
-5.4938
-5.81731
-7.36182
-5.47852
-6.02977
-5.42745
-7.92606
-5.42839
-5.61963
-6.10912
-6.37047
-5.63574
-5.42634
-5.49195
-5.42683
-5.44643
-9.36638
-6.68713
-6.16196
-5.87691
-5.42676
-5.53201
-7.15585
-5.68036
-5.51064
-5.55645
-5.47348
-7.67484
-6.89944
-5.42791
-5.50408
-5.62313
-5.55282
-5.42925
-7.15096
-5.4267
-6.2302
-5.83333
-5.65932
-5.65276
-5.43233
-5.84155
-5.81881
-5.51744
-5.61706
-5.50574
-5.4323
-5.71542
-5.67336
-5.46953
-6.35724
-5.86972
-5.48878
-5.90022
-5.85861
-5.50107
-5.71051
-8.74011
-6.19131
-5.74146
-6.59243
-5.58075
-6.12527
-5.47159
-5.43744
-5.50477
-5.42627
-5.61976
-5.4352
-5.47242
-6.15324
-5.7326
-6.27861
-6.43491
-6.1244
-5.75563
-5.56772
-5.4633
-5.43123
-6.34447
-6.60864
-6.89658
-6.2352
-5.81317
-5.83354
-5.42631
-5.50733
-5.54584
-5.61149
-6.1294
-6.04719
-7.02087
-7.06211
-5.76679
-6.0311
-5.67353
-5.42649
-11.3202
-6.22966
-5.7993
-6.43695
-5.98816
-5.45108
-5.45521
-7.78035
-5.96231
-5.73603
-6.17709
-6.80567
-5.61878
-6.37404
-6.43934
-5.64012
-5.63977
-5.91128
-5.42789
-5.617
-5.63068
-6.23686
-6.01635
-5.52658
-7.49378
-6.50518
-5.59506
-6.25842
-5.45258
-5.61922
-5.78841
-5.91126
-5.56955
-7.3191
-5.42702
-5.54502
-5.43343
-5.42742
-5.42871
-6.97812
-5.42772
-6.65378
-5.60851
-6.67562
-5.44787
-5.44582
-6.55424
-5.52759
-5.42662
-5.42975
-5.42866
-5.58812
-6.76831
-6.31438
-5.54551
-6.65237
-5.79283
-5.6056
-8.04021
-5.67029
-8.48637
-6.33352
-6.54626
-6.2716
-5.44225
-6.69382
-5.42625
-7.48428
-5.90919
-5.91142
-5.56031
-5.42663
-5.42766
-6.29663
-5.47394
-5.46854
-5.51959
-9.82429
-5.42687
-5.42684
-5.63431
-7.46086
-5.72408
-5.42892
-6.23368
-5.7419
-5.77831
-5.80845
-5.61682
-5.48144
-5.44817
-5.48085
-5.42864
-5.45664
-6.12086
-5.61096
-5.43958
-5.57471
-5.42733
-5.64983
-5.5435
-6.02176
-5.58419
-5.52451
-5.42664
-5.68597
-5.50503
-5.58252
-5.42765
-5.56823
-5.43486
-5.43003
-6.09838
-5.42996
-5.57529
-7.14692
-5.50803
-5.44406
-6.05102
-6.80563
-6.99613
-6.9793
-5.45793
-5.45064
-5.94578
-5.43793
-5.96661
-5.64748
-5.98668
-5.74051
-6.30169
-5.79546
-6.02659
-6.865
-6.18709
-5.7046
-5.56884
-5.60217
-5.72781
-6.47391
-6.33353
-5.85432
-5.59037
-7.54135
-5.42676
-5.96442
-7.16531
-5.52581
-5.91798
-5.77191
-7.76909
-5.82904
-6.32308
-6.7907
-6.7197
-5.42751
-5.52143
-5.70356
-5.45179
-5.43204
-6.45513
-5.44176
-5.53802
-5.45158
-5.58922
-5.52822
-5.71544
-5.44865
-5.55461
-5.58794
-7.19095
-5.72453
-5.48352
-5.46477
-5.78175
-5.99307
-6.36111
-6.75528
-5.42635
-5.50383
-5.43111
-5.68237
-5.57809
-5.9315
-7.16412
-5.57053
-5.94807
-5.44874
-5.83323
-5.57941
-6.54648
-5.50176
-5.75542
-5.57769
-6.64762
-5.42643
-5.44658
-6.29054
-5.54257
-5.52661
-5.64487
-5.52503
-6.33329
-5.7162
-5.73243
-5.43471
-5.48049
-5.74189
-7.26954
-5.72604
-7.82623
-5.82447
-6.54885
-5.53706
-5.42779
-5.43104
-5.77802
-5.60119
-5.81815
-6.11071
-5.73716
-5.68981
-5.47741
-6.77811
-5.58762
-5.47396
-5.4297
-5.5577
-5.80833
-6.22384
-6.01331
-6.86264
-5.43686
-5.43952
-6.03813
-5.42806
-5.64226
-6.56106
-5.45131
-5.48629
-5.44681
-5.4953
-5.63959
-6.32099
-5.53275
-5.92056
-6.54235
-5.53343
-6.58138
-5.70096
-6.73493
-5.55458
-5.44557
-5.7547
-6.17965
-5.45867
-5.60545
-6.49836
-6.15483
-5.44403
-5.55925
-6.17246
-5.47952
-6.11848
-5.55654
-5.52636
-5.79839
-5.49077
-5.78755
-7.05207
-6.00687
-5.56563
-5.43747
-5.65098
-7.34942
-5.42712
-8.12389
-7.01841
-5.42995
-6.75371
-5.49697
-5.50982
-5.45206
-5.42709
-5.54217
-6.58472
-5.6778
-5.43847
-9.19203
-6.42514
-5.65378
-5.43859
-5.43968
-6.5311
-5.44966
-5.5723
-5.82191
-6.05359
-6.3423
-5.92215
-6.66367
-5.48426
-5.63776
-5.42811
-5.4668
-5.96043
-6.50096
-5.58536
-5.44472
-5.62009
-5.49548
-5.48208
-6.41559
-5.43047
-5.44262
-6.04283
-5.48341
-5.47991
-5.46608
-5.55051
-6.03137
-5.44991
-5.44355
