ip_logTarget_unified = zeros(1000,1);
ip_logTarget_unified = [-3210.07
-9.23123
-7.17369
-7.06877
-6.68675
-6.64982
-8.62598
-7.78375
-6.5905
-6.72883
-6.55922
-6.53399
-6.68778
-6.52699
-6.58575
-6.95813
-7.24674
-6.74251
-6.81389
-6.55323
-8.02422
-6.64851
-6.65561
-6.66668
-6.57759
-7.58802
-6.52565
-6.67986
-6.52651
-8.47586
-6.71679
-6.57114
-6.54299
-7.33097
-6.69547
-7.21976
-6.53579
-7.68053
-6.53713
-7.44822
-6.55843
-6.87277
-7.11624
-6.58709
-6.69912
-6.62722
-6.93511
-6.747
-7.73314
-6.54537
-6.96377
-6.63559
-7.12128
-7.3001
-6.53169
-6.81195
-7.14503
-6.92639
-6.62488
-6.58676
-6.53396
-6.54805
-6.60474
-6.88422
-6.68366
-6.69246
-6.55689
-6.94153
-6.58381
-7.17174
-6.56266
-6.60255
-7.23184
-6.53628
-6.52996
-6.52524
-6.59792
-8.01434
-6.93888
-7.19502
-6.63734
-6.53173
-6.68354
-6.52911
-7.06162
-7.1448
-6.66615
-8.43823
-6.80124
-7.20559
-6.54261
-6.64142
-6.62742
-6.54549
-7.24832
-6.66638
-9.34515
-9.51535
-6.59521
-6.52721
-6.78028
-6.52894
-6.55511
-6.99057
-6.73995
-7.80141
-6.55597
-7.16546
-7.16421
-6.52612
-6.52738
-6.90135
-6.53839
-6.52535
-7.01163
-7.0113
-6.70849
-6.90609
-6.59312
-8.51821
-6.64238
-8.57707
-6.5305
-7.67219
-7.07135
-6.71147
-6.71746
-9.35075
-6.55218
-6.77391
-6.59442
-6.52692
-6.81639
-7.27125
-7.559
-6.57987
-6.98303
-8.89912
-7.47201
-6.56799
-6.70497
-6.52519
-6.55283
-6.71652
-6.56102
-6.5612
-8.53091
-6.91697
-6.96964
-6.55438
-6.6012
-6.52877
-6.55548
-6.52491
-9.20439
-6.52624
-6.70089
-6.52488
-6.68035
-6.88882
-6.98595
-7.16833
-6.53163
-8.23074
-6.6301
-6.82946
-6.55445
-6.57946
-6.70567
-6.76599
-7.37793
-6.61667
-8.89786
-6.89766
-7.30482
-6.69825
-6.59921
-7.20238
-7.10091
-6.62387
-6.53782
-6.82787
-6.72222
-6.54504
-6.57063
-6.55156
-6.84328
-6.63066
-6.62458
-6.54229
-6.5252
-6.70354
-8.01839
-7.39372
-7.20752
-6.5585
-6.88603
-6.99549
-6.62598
-8.41703
-6.52578
-6.71725
-7.08554
-6.87863
-8.90288
-7.26115
-6.59716
-6.81076
-8.47252
-6.87514
-6.61658
-6.64112
-6.73786
-6.79041
-7.64239
-6.53933
-7.16091
-6.6871
-6.98138
-6.54172
-6.73687
-7.97809
-6.52562
-6.81755
-6.69781
-6.60819
-7.5905
-6.57239
-6.75751
-6.59384
-6.62323
-6.90472
-6.65167
-6.54203
-6.87829
-7.88316
-7.08135
-6.52977
-6.62069
-6.94889
-7.34515
-8.62522
-6.67448
-6.65426
-6.52543
-7.00237
-6.64512
-6.60296
-6.54207
-7.34165
-10.0776
-6.77148
-7.10591
-7.56116
-6.59378
-6.89854
-8.7185
-6.53312
-6.61915
-6.52486
-6.61985
-6.71732
-7.43983
-6.53912
-7.10885
-6.59315
-8.56828
-6.55406
-6.60027
-7.00288
-7.89894
-6.59471
-6.53142
-7.11203
-7.85866
-7.03047
-6.80893
-6.58094
-7.09555
-6.82883
-8.89278
-6.54036
-6.54563
-7.65596
-6.6168
-6.5494
-6.53426
-6.62008
-8.14829
-6.6979
-6.55346
-6.56643
-6.64554
-6.87294
-6.81532
-6.54412
-6.61617
-6.66855
-6.88906
-6.61462
-7.70294
-8.82592
-6.80725
-6.69496
-7.23893
-6.81869
-6.75328
-6.58833
-6.57079
-9.40179
-6.53325
-6.85247
-6.83746
-6.77035
-6.72356
-6.73408
-6.52614
-6.60932
-6.7819
-6.63746
-7.54366
-7.13442
-6.6039
-6.91562
-6.53977
-6.65263
-7.04821
-9.7592
-7.39936
-7.05515
-6.56991
-6.90279
-6.53352
-6.91406
-6.60733
-8.10673
-7.06901
-6.61539
-7.04092
-8.57086
-7.62433
-7.2138
-6.55794
-7.04788
-6.53664
-6.52508
-6.53828
-6.64238
-6.61535
-6.76486
-6.53175
-7.23007
-7.19577
-7.17363
-6.5258
-6.66356
-7.97483
-6.7147
-7.25705
-7.43768
-6.92698
-6.70645
-7.17471
-7.35752
-6.86171
-6.88685
-7.18365
-7.08112
-6.53391
-7.10813
-8.02025
-6.81475
-7.45201
-8.48358
-6.52487
-6.73705
-7.47529
-6.52768
-6.65333
-6.52727
-6.52756
-6.61842
-7.54192
-6.59329
-6.78372
-7.02731
-6.68928
-6.85121
-6.68653
-7.0964
-6.80658
-7.11274
-7.89152
-7.92564
-6.62199
-8.16391
-7.77124
-7.33034
-6.72308
-6.70668
-6.85893
-6.57147
-7.14261
-6.54736
-7.39355
-7.50304
-8.24737
-6.59222
-6.53528
-7.10308
-6.52581
-7.85111
-6.5275
-6.52697
-6.87602
-6.73697
-6.71864
-7.06655
-6.64962
-6.92613
-6.83842
-6.53827
-6.85785
-6.66629
-6.58043
-7.12363
-6.52931
-6.55054
-7.01759
-6.73109
-6.82278
-6.928
-7.03538
-6.67481
-6.53642
-8.54861
-6.64287
-6.59966
-6.56253
-6.6563
-7.00234
-7.9477
-6.60017
-6.61984
-6.89409
-7.02055
-6.65103
-8.42864
-8.7974
-6.54803
-8.44703
-8.09461
-6.80395
-6.59051
-6.54295
-7.54298
-7.17128
-6.56287
-6.52984
-6.53243
-6.82125
-6.64113
-6.60775
-6.53454
-7.94853
-6.54324
-8.53151
-7.73342
-6.80572
-7.20289
-7.18931
-6.64112
-6.59241
-6.91592
-8.46043
-6.57714
-7.12838
-6.52606
-9.02468
-6.527
-6.71825
-7.20773
-7.46908
-6.73435
-6.52495
-6.59056
-6.52544
-6.54504
-10.465
-7.78574
-7.26057
-6.97553
-6.52537
-6.63063
-8.25446
-6.77898
-6.60925
-6.65506
-6.5721
-8.77345
-7.99805
-6.52652
-6.6027
-6.72174
-6.65143
-6.52786
-8.24957
-6.52531
-7.32881
-6.93194
-6.75793
-6.75138
-6.53094
-6.94017
-6.91742
-6.61605
-6.71567
-6.60436
-6.53091
-6.81403
-6.77197
-6.56814
-7.45586
-6.96833
-6.5874
-6.99883
-6.95722
-6.59968
-6.80912
-9.83873
-7.28992
-6.84008
-7.69104
-6.67937
-7.22388
-6.57021
-6.53606
-6.60338
-6.52488
-6.71837
-6.53381
-6.57104
-7.25185
-6.83121
-7.37722
-7.53352
-7.22301
-6.85424
-6.66634
-6.56191
-6.52984
-7.44308
-7.70725
-7.99519
-7.33382
-6.91178
-6.93215
-6.52493
-6.60594
-6.64445
-6.7101
-7.22802
-7.14581
-8.11948
-8.16072
-6.8654
-7.12971
-6.77214
-6.5251
-12.4188
-7.32827
-6.89791
-7.53556
-7.08677
-6.54969
-6.55382
-8.87897
-7.06092
-6.83464
-7.2757
-7.90428
-6.71739
-7.47266
-7.53795
-6.73873
-6.73838
-7.00989
-6.5265
-6.71561
-6.72929
-7.33547
-7.11496
-6.62519
-8.59239
-7.60379
-6.69368
-7.35703
-6.55119
-6.71784
-6.88702
-7.00987
-6.66816
-8.41772
-6.52564
-6.64363
-6.53205
-6.52604
-6.52733
-8.07674
-6.52633
-7.75239
-6.70712
-7.77423
-6.54648
-6.54443
-7.65285
-6.62621
-6.52523
-6.52836
-6.52727
-6.68673
-7.86692
-7.41299
-6.64412
-7.75099
-6.89144
-6.70422
-9.13882
-6.7689
-9.58498
-7.43213
-7.64488
-7.37021
-6.54086
-7.79243
-6.52486
-8.58289
-7.0078
-7.01003
-6.65892
-6.52524
-6.52627
-7.39524
-6.57255
-6.56715
-6.6182
-10.9229
-6.52548
-6.52545
-6.73292
-8.55947
-6.8227
-6.52754
-7.33229
-6.84051
-6.87693
-6.90707
-6.71543
-6.58006
-6.54678
-6.57946
-6.52725
-6.55525
-7.21948
-6.70957
-6.53819
-6.67332
-6.52595
-6.74844
-6.64211
-7.12037
-6.6828
-6.62313
-6.52525
-6.78459
-6.60364
-6.68114
-6.52626
-6.66684
-6.53347
-6.52865
-7.197
-6.52858
-6.6739
-8.24553
-6.60664
-6.54268
-7.14963
-7.90424
-8.09475
-8.07791
-6.55654
-6.54925
-7.04439
-6.53654
-7.06523
-6.74609
-7.0853
-6.83913
-7.4003
-6.89408
-7.12521
-7.96361
-7.28571
-6.80321
-6.66745
-6.70078
-6.82642
-7.57253
-7.43215
-6.95293
-6.68898
-8.63996
-6.52537
-7.06304
-8.26392
-6.62442
-7.0166
-6.87053
-8.8677
-6.92765
-7.4217
-7.88932
-7.81832
-6.52613
-6.62004
-6.80218
-6.5504
-6.53066
-7.55374
-6.54037
-6.63663
-6.55019
-6.68783
-6.62683
-6.81405
-6.54726
-6.65322
-6.68656
-8.28956
-6.82314
-6.58213
-6.56338
-6.88036
-7.09168
-7.45972
-7.85389
-6.52496
-6.60244
-6.52972
-6.78098
-6.6767
-7.03011
-8.26273
-6.66914
-7.04668
-6.54735
-6.93184
-6.67802
-7.64509
-6.60037
-6.85404
-6.67631
-7.74624
-6.52505
-6.54519
-7.38915
-6.64119
-6.62522
-6.74348
-6.62365
-7.4319
-6.81481
-6.83104
-6.53332
-6.5791
-6.8405
-8.36816
-6.82465
-8.92484
-6.92309
-7.64746
-6.63568
-6.52641
-6.52965
-6.87663
-6.6998
-6.91677
-7.20933
-6.83577
-6.78842
-6.57602
-7.87672
-6.68623
-6.57258
-6.52832
-6.65631
-6.90694
-7.32245
-7.11192
-7.96125
-6.53547
-6.53814
-7.13674
-6.52667
-6.74087
-7.65967
-6.54992
-6.5849
-6.54542
-6.59391
-6.7382
-7.4196
-6.63136
-7.01917
-7.64096
-6.63205
-7.67999
-6.79957
-7.83354
-6.65319
-6.54418
-6.85331
-7.27826
-6.55728
-6.70406
-7.59697
-7.25345
-6.54264
-6.65786
-7.27107
-6.57814
-7.2171
-6.65516
-6.62497
-6.89701
-6.58938
-6.88616
-8.15068
-7.10548
-6.66424
-6.53608
-6.74959
-8.44803
-6.52574
-9.2225
-8.11702
-6.52857
-7.85233
-6.59558
-6.60843
-6.55068
-6.52571
-6.64078
-7.68333
-6.77641
-6.53708
-10.2906
-7.52375
-6.75239
-6.53721
-6.53829
-7.62971
-6.54828
-6.67091
-6.92052
-7.1522
-7.44091
-7.02077
-7.76228
-6.58288
-6.73638
-6.52673
-6.56541
-7.05904
-7.59957
-6.68397
-6.54334
-6.7187
-6.59409
-6.58069
-7.5142
-6.52909
-6.54124
-7.14145
-6.58203
-6.57852
-6.56469
-6.64912
