ip_mh_filtChain_unified = zeros(1000,1);
ip_mh_filtChain_unified = [8.2317615175615053e+00 
9.8111701073413098e+00 
9.7852758618956361e+00 
9.7379547239241457e+00 
9.7728788202383008e+00 
9.7496994425047241e+00 
9.7162340003736727e+00 
9.7950250510968786e+00 
9.7526782122157538e+00 
9.7743930042536284e+00 
9.7548481687372206e+00 
9.7634601157933147e+00 
9.7481648671876151e+00 
9.7591135319266176e+00 
9.7681008113563408e+00 
9.7807447046635332e+00 
9.7345292922385251e+00 
9.7748506665407877e+00 
9.7440655261302354e+00 
9.7553673888230872e+00 
9.7981849133648371e+00 
9.7497564438837596e+00 
9.7494515617010737e+00 
9.7489923553018656e+00 
9.7534925991421257e+00 
9.7922233719181317e+00 
9.7613907318225337e+00 
9.7484689579790302e+00 
9.7592857109641518e+00 
9.8035009151560644e+00 
9.7739771488042457e+00 
9.7539365929044681e+00 
9.7646602984415871e+00 
9.7330573234424964e+00 
9.7478766552762259e+00 
9.7350187843765372e+00 
9.7573251220333628e+00 
9.7276493901731609e+00 
9.7639268313035075e+00 
9.7311315870866792e+00 
9.7661502894872285e+00 
9.7786411198246252e+00 
9.7369920047855487e+00 
9.7528846724040914e+00 
9.7477421845779233e+00 
9.7703475438778682e+00 
9.7801994851568335e+00 
9.7460935412263527e+00 
9.7943228327150251e+00 
9.7649230028497005e+00 
9.7808760214847812e+00 
9.7707411612657360e+00 
9.7368921264699981e+00 
9.7875840636857987e+00 
9.7630640829710487e+00 
9.7441209060383844e+00 
9.7364269522204943e+00 
9.7411284951509884e+00 
9.7702343831423075e+00 
9.7681629177725391e+00 
9.7634559960454741e+00 
9.7558621264602898e+00 
9.7692018218724375e+00 
9.7421740810346726e+00 
9.7727603688368969e+00 
9.7479886298186695e+00 
9.7550444843566186e+00 
9.7803528783467648e+00 
9.7530890667707588e+00 
9.7359143363449494e+00 
9.7664944403622336e+00 
9.7690818673268840e+00 
9.7347985100698509e+00 
9.7638078248032123e+00 
9.7583394023166381e+00 
9.7599311695385591e+00 
9.7522465937457135e+00 
9.7232144147761232e+00 
9.7802898427541347e+00 
9.7354761912680008e+00 
9.7708216995016262e+00 
9.7630724936101831e+00 
9.7727558521542655e+00 
9.7585309689770181e+00 
9.7830336399768107e+00 
9.7847177137442554e+00 
9.7720658861884484e+00 
9.7182527593165364e+00 
9.7444295146984654e+00 
9.7858780145480146e+00 
9.7646166416345714e+00 
9.7500692091494958e+00 
9.7507169927166615e+00 
9.7649351790060717e+00 
9.7345008332643950e+00 
9.7720753815457240e+00 
9.7092378537081458e+00 
9.8137725497560080e+00 
9.7686679946561821e+00 
9.7620176472949627e+00 
9.7450512930489062e+00 
9.7585705105595313e+00 
9.7551984544665249e+00 
9.7396377235710450e+00 
9.7463243531700421e+00 
9.7259770730969048e+00 
9.7659407213865084e+00 
9.7851181113993313e+00 
9.7850940869608358e+00 
9.7616172107168069e+00 
9.7589920298549160e+00 
9.7793714715520483e+00 
9.7640975717069143e+00 
9.7598515283782774e+00 
9.7391714261026685e+00 
9.7819511337349976e+00 
9.7474032748020232e+00 
9.7416245356280680e+00 
9.7685461497416188e+00 
9.7173811299629396e+00 
9.7500263111742651e+00 
9.7167507864090439e+00 
9.7582277749816857e+00 
9.7934571733258640e+00 
9.7379013930347522e+00 
9.7737893633410593e+00 
9.7470868490645657e+00 
9.7091871022105050e+00 
9.7554638293211227e+00 
9.7758502504845275e+00 
9.7524477494810107e+00 
9.7619228620285750e+00 
9.7439945125948491e+00 
9.7870749188668125e+00 
9.7294220184720892e+00 
9.7533420266731490e+00 
9.7813182931171543e+00 
9.8079496199154352e+00 
9.7904402061522475e+00 
9.7541647734075525e+00 
9.7735560963645849e+00 
9.7610865615552189e+00 
9.7554033738544437e+00 
9.7471196309307189e+00 
9.7663634958358596e+00 
9.7663778541365733e+00 
9.7172443670969191e+00 
9.7797589554653062e+00 
9.7401120234082192e+00 
9.7552630792323551e+00 
9.7690076133344590e+00 
9.7586132082980974e+00 
9.7658975451462950e+00 
9.7607450191421776e+00 
9.7105291920455148e+00 
9.7593926067393522e+00 
9.7734074760358371e+00 
9.7603844544701808e+00 
9.7484497593576371e+00 
9.7420570512603000e+00 
9.7813844748363774e+00 
9.7359791197870944e+00 
9.7630523258927404e+00 
9.8007022851288301e+00 
9.7704845310699540e+00 
9.7436283879627723e+00 
9.7658064125001758e+00 
9.7676984260317941e+00 
9.7475040782745044e+00 
9.7454900950139063e+00 
9.7322701227697941e+00 
9.7698274542464869e+00 
9.7134653316300970e+00 
9.7418345633338213e+00 
9.7876664854892326e+00 
9.7477738857940750e+00 
9.7521742167642316e+00 
9.7353391179301987e+00 
9.7838440926199830e+00 
9.7508885090797257e+00 
9.7640209932652322e+00 
9.7774307207601385e+00 
9.7469216162185006e+00 
9.7561749585800328e+00 
9.7670931432403503e+00 
9.7555214605131813e+00 
9.7778556453186400e+00 
9.7705112601527571e+00 
9.7508539634394342e+00 
9.7564825538216748e+00 
9.7599649338527623e+00 
9.7475809441327570e+00 
9.7231637516901923e+00 
9.7891746759709051e+00 
9.7859140485671308e+00 
9.7549081450534132e+00 
9.7789835516223764e+00 
9.7815995617166909e+00 
9.7702878916348297e+00 
9.8028459988470953e+00 
9.7596009194606985e+00 
9.7470938501619102e+00 
9.7835304361614437e+00 
9.7423171097475567e+00 
9.8079872577033829e+00 
9.7868943351659716e+00 
9.7687797459744754e+00 
9.7769460157913990e+00 
9.8034640103189616e+00 
9.7787028745331863e+00 
9.7512499825551160e+00 
9.7709932172020562e+00 
9.7463934854616561e+00 
9.7763500670783632e+00 
9.7930257124217999e+00 
9.7642199153967262e+00 
9.7361208699062658e+00 
9.7481905483609541e+00 
9.7398446541266495e+00 
9.7565496660983477e+00 
9.7746638361506974e+00 
9.7975994282822807e+00 
9.7596840298412477e+00 
9.7771398696890319e+00 
9.7477903024478749e+00 
9.7516842177600349e+00 
9.7289529077799344e+00 
9.7538481746968628e+00 
9.7457563704773378e+00 
9.7685883817594377e+00 
9.7509195965160504e+00 
9.7416585306949059e+00 
9.7496195487216539e+00 
9.7645485282871896e+00 
9.7787845281358816e+00 
9.7248908137184387e+00 
9.7376956474122327e+00 
9.7583819705735735e+00 
9.7700288175567582e+00 
9.7405931798256482e+00 
9.7883607070911083e+00 
9.8051209104682560e+00 
9.7724011442387759e+00 
9.7715691583671394e+00 
9.7597984851964092e+00 
9.7817532807605740e+00 
9.7711719161384334e+00 
9.7691048806322076e+00 
9.7565083951165690e+00 
9.7883011624751362e+00 
9.8185832383637717e+00 
9.7757751748513488e+00 
9.7839453788442565e+00 
9.7293896023631294e+00 
9.7524847280019724e+00 
9.7793010081686838e+00 
9.8061037892624299e+00 
9.7577431688959866e+00 
9.7511210856356048e+00 
9.7605542317614091e+00 
9.7510859789758442e+00 
9.7739958479347777e+00 
9.7899266302800516e+00 
9.7641924067949137e+00 
9.7840045495052959e+00 
9.7685478004201407e+00 
9.7168443969392388e+00 
9.7657716660332898e+00 
9.7689553610097573e+00 
9.7393640528958016e+00 
9.7246849822373527e+00 
9.7524305621714351e+00 
9.7630132203726010e+00 
9.7840684425396418e+00 
9.7960393398019452e+00 
9.7823697950723290e+00 
9.7768932372646731e+00 
9.7677955018943763e+00 
9.7374067244640248e+00 
9.7774574962134242e+00 
9.7135155348224291e+00 
9.7567133486676738e+00 
9.7561124620097850e+00 
9.7279998843750306e+00 
9.7698342016483384e+00 
9.7557277443697803e+00 
9.7635028243783388e+00 
9.7699984224291132e+00 
9.7997165486286395e+00 
9.7732975125555726e+00 
9.7657177350330713e+00 
9.7542811492626367e+00 
9.7711904936889091e+00 
9.7424640182605327e+00 
9.7770765780911919e+00 
9.7647870521136255e+00 
9.7698021051020234e+00 
9.7721634064821039e+00 
9.7790609480899668e+00 
9.7697226707905340e+00 
9.7273329356427585e+00 
9.8072103227840124e+00 
9.7442556436228074e+00 
9.7731886954737952e+00 
9.7864926293592429e+00 
9.7771724219517484e+00 
9.7752011052950714e+00 
9.7528090313526548e+00 
9.7539612350015723e+00 
9.8127477660634845e+00 
9.7577212539237781e+00 
9.7430025578447470e+00 
9.7434083058223422e+00 
9.7453548198747235e+00 
9.7742125899577559e+00 
9.7465191714346098e+00 
9.7616276217535081e+00 
9.7516246759793219e+00 
9.7450022307380486e+00 
9.7708273239773256e+00 
9.7296531075652464e+00 
9.7366334899757163e+00 
9.7519147302998661e+00 
9.7797257861340618e+00 
9.7642755410531823e+00 
9.7714995846993631e+00 
9.7383847808299304e+00 
9.8159098687274575e+00 
9.7319181659694358e+00 
9.7382387296195017e+00 
